Synechococcus_sp._WH_7803_CT971583.1_Synechococcus_WH7803_complete_genome_sequence
1 25884
27076 31789
32419 45801
45906 51809
52392 100926
101004 184986
185629 307043
307119 327411
327487 358219
359527 359841
360469 365968
366496 384335
384948 385508
385772 405986
406981 407182
408026 409535
410345 415407
416367 440469
441053 442342
443007 445062
446252 450986
451082 486315
486852 511784
511908 534520
534659 534776
536035 536805
539303 554012
554207 576142
576242 675585
676105 805849
806369 837759
838524 838737
839065 929989
931544 932297
933089 968227
968337 1078569
1078837 1133471
1133559 1354771
1354871 1394868
1395411 1437689
1437772 1448594
1448675 1513973
1514517 1528172
1528851 1538614
1538691 1540990
1541999 1558782
1560136 1560456
1560971 1606027
1606132 1631954
1632584 1636945
1637688 1639879
1640413 1642350
1642853 1747570
1747734 1765472
1765549 1794991
1795133 1805706
1806258 1816204
1816283 1846901
1847371 1903018
1903734 1932310
1932855 1942784
1943103 2027943
2028088 2064871
2065122 2066249
2066350 2155188
2155826 2171852
2172295 2309224
2309897 2345511
2345605 2366980
