Synechococcus_sp._WH_7805_NZ_CH724168.1_Synechococcus_sp._WH_7805_scf_1099646010156__whole_genome_shotgun_sequence
671 966
1482 17258
18843 19469
20053 22437
23620 28168
29795 36822
37469 42321
42928 46450
47018 50456
51121 51979
52368 58608
59139 61430
61858 73431
73991 84795
85674 88539
89167 101833
102119 111020
112761 113222
113831 137772
138284 149722
150915 169493
169768 185199
185712 204156
204725 205887
206497 210568
211109 219449
220120 246951
247934 248367
249029 252894
253412 258050
258739 271078
271712 272911
273481 276063
276589 283121
283222 284924
285498 292359
292976 297428
298163 305024
305594 305815
306365 309810
310358 315695
316332 316885
317414 319504
320058 331505
332198 334659
335254 339018
339756 342194
342788 360920
361537 371149
371793 374387
375004 401324
401897 412186
413577 415275
415800 423514
424055 429784
429872 446175
446690 446917
447638 459119
459977 461048
461648 462234
462788 496362
497034 500787
501568 502593
503458 504814
505521 509449
510091 516852
517536 519026
519942 539171
539727 543634
544237 548413
549224 550689
551217 552498
553075 558242
558800 561487
562007 562738
563247 563625
564430 584102
584625 589498
590559 591685
592256 594232
596176 596621
597120 599268
599814 602798
603577 604287
604576 609533
610481 614854
615370 616182
616780 618082
618166 620490
621196 623643
624651 629684
630390 660882
661600 674068
674623 685695
686756 686978
687638 689458
690031 696284
696976 704111
704967 705969
706566 712811
713556 721668
722312 727176
728076 729705
731676 733980
734876 737418
737967 738684
739623 740331
740884 742274
743379 746868
747807 750395
751172 752656
753176 756904
757638 763082
763165 768246
768850 778255
778819 786993
787516 793143
793703 796488
797097 800353
800908 803200
803978 807764
808621 808997
809534 815382
816097 816559
817361 819378
820663 823906
824534 828210
829237 829656
830202 830493
831105 831381
831990 832282
833007 842367
842928 843267
844803 852521
853246 881015
881567 893673
894212 894520
895352 896632
898493 899057
899784 903588
904205 904402
904937 906378
907193 911830
912347 915026
915624 915941
916519 917886
918456 919049
919693 937576
938193 942193
942743 954122
954798 958270
958348 958959
959468 1000951
1001601 1025212
1025721 1027988
1028674 1051891
1052344 1054908
1055453 1064523
1065088 1066722
1067245 1068703
1069452 1072515
1073099 1080785
1080979 1083485
1084137 1091861
1093111 1098867
1101389 1102095
1102317 1103492
1104390 1109046
1109575 1119499
1120484 1120855
1121560 1123457
1124335 1125055
1125135 1125622
1127384 1127462
1127991 1128102
1130453 1131018
1131724 1132094
1139216 1155338
1156461 1156720
1157319 1161842
1162406 1166520
1167625 1167914
1168487 1171427
1172016 1174160
1174958 1175182
1175790 1176278
1176855 1179710
1180686 1180939
1181507 1181614
1182151 1185530
1186292 1187300
1188205 1189157
1189881 1190738
1191752 1192065
1192904 1195537
1196102 1197065
1197637 1198791
1199356 1200018
1200629 1202751
1202848 1208274
1208847 1212767
1213877 1214317
1214939 1215609
1216118 1231965
1232783 1234614
1235189 1238645
1239866 1246106
1246855 1247574
1248522 1251072
1251647 1252602
1253240 1255539
1256231 1259612
1260616 1261859
1262458 1263582
1264135 1267198
1267921 1286826
1287367 1289336
1289869 1292974
1293567 1294557
1295171 1310913
1310989 1313283
1313800 1315822
1316326 1317741
1318531 1325029
1325900 1330835
1331246 1335320
1335854 1337083
1337732 1358185
1358856 1368582
1369301 1369835
1370547 1373814
1374467 1374914
1376520 1379539
1380104 1381152
1381753 1382444
1383062 1399572
1400227 1402660
1403212 1406153
1406935 1422327
1423021 1433359
1433906 1488715
1489230 1490176
1491107 1499575
1500738 1501147
1501810 1501930
1502465 1504121
1504781 1507555
1508105 1513358
1513980 1516282
1517221 1519823
1520359 1555884
1556610 1557310
1557901 1561469
1562054 1567671
1569809 1571103
1571616 1574676
1575271 1585901
1586660 1589768
1590496 1591327
1591940 1603288
1603990 1604232
1605127 1607375
1608061 1612750
1613312 1622512
1622905 1637581
1638082 1638281
1638876 1645781
1647057 1661908
1662873 1664841
1665626 1671298
1671869 1672811
1673360 1675520
1676154 1676313
1676951 1677706
1678324 1680654
1681249 1685287
1685871 1690232
1690753 1708420
1709286 1712953
1713751 1716277
1717036 1717650
1718448 1721793
1722459 1724484
1725223 1725334
1725878 1742427
1742933 1743404
1744167 1751658
1752289 1755373
1755905 1759767
1761070 1761852
1763093 1765957
1766666 1773697
1774333 1776116
1776775 1782238
1783097 1784150
1785121 1787786
1788648 1788867
1789298 1791103
1791815 1793877
1794753 1798392
1799241 1803488
1804163 1806819
1807862 1808172
1809092 1809855
1811157 1811468
1812001 1814176
1814747 1816515
1817129 1817617
1818186 1819969
1821099 1821537
1822166 1827499
1828719 1833565
1834495 1856320
1856878 1857892
1859337 1871485
1872060 1872481
1873112 1873326
1873926 1874542
1875224 1878884
1879588 1880273
1881384 1884528
1885199 1900668
1901606 1916525
1917087 1962685
1963111 1964913
1965579 1966567
1967100 1968983
1969834 1973848
1974377 1979793
1980367 1989714
1990220 1993115
1993657 1998691
1999215 2001161
2001674 2003229
2003826 2004774
2005401 2014591
2015181 2015579
2016123 2017410
2017911 2021278
2022501 2024873
2025365 2025450
2026843 2031317
2031842 2036047
2036859 2037123
2037675 2038613
2039511 2040028
2040610 2040785
2041408 2041550
2042443 2045511
2046667 2047085
2047718 2051640
2051873 2071476
2072107 2074369
2075048 2082962
2083773 2086430
2087294 2089257
2089856 2090301
2090873 2091889
2092460 2096688
2097235 2098096
2099527 2103037
2103706 2108999
2110830 2110966
2111472 2114521
2115280 2120526
2121078 2121197
2121764 2122355
2122952 2126663
2127284 2130250
2130913 2134653
2135458 2153386
2153965 2162930
2163462 2164555
2165714 2166233
2166786 2167930
2168796 2174640
2175016 2196731
2197237 2204817
2206321 2211076
2211602 2212797
2213449 2214496
2214945 2217006
2217608 2220907
2222010 2229951
2230500 2232755
2233292 2235144
2235654 2249967
2250525 2250685
2251231 2256077
2256841 2258662
2259218 2260072
2260917 2260980
2261502 2262864
2263412 2272717
2273661 2274355
2274935 2276472
2277215 2281535
2282109 2287451
2287973 2288957
2289663 2295433
2296390 2307982
2308683 2311406
2311931 2312169
2312976 2313328
2314139 2314562
2315215 2321433
2322090 2323149
2323647 2325862
2326430 2331299
2331957 2342397
2343246 2343636
2344215 2344587
2345195 2345291
2346949 2347382
2348374 2349285
2350025 2353806
2354633 2357965
2359095 2368962
2369566 2421550
2422255 2423773
2424400 2424806
2425461 2425560
2426151 2428146
2428961 2431353
2432024 2440189
2440948 2443396
2443951 2448327
2448994 2459036
2459663 2460958
2461490 2467790
2468443 2470159
2470717 2471571
2472244 2474413
2474974 2479824
2480372 2481449
2481968 2482630
2483419 2485751
2487407 2491016
2491106 2494825
2495403 2500698
2501300 2502497
2503081 2506100
2506601 2511686
2512392 2512614
2513241 2513656
2514255 2514357
2515260 2518330
2518869 2523357
2524477 2524837
2525436 2528569
2529105 2529248
2530019 2532814
2533382 2540240
2540764 2548744
2549330 2551425
2552074 2553442
2554260 2554990
2555620 2556518
2557253 2561918
2562467 2567819
2568638 2572362
2572915 2573573
2574115 2574974
2575638 2575978
2577240 2578270
2578806 2579067
2579579 2579975
2580562 2583279
2583852 2585031
2586968 2590934
2591449 2596371
2596902 2600076
2600612 2600861
2601489 2602052
2602678 2602910
2603483 2604379
2604950 2612791
2613371 2615572
2616118 2616246
2616915 2621166
Synechococcus_sp._WH_7805_NZ_CH724169.1_Synechococcus_sp._WH_7805_scf_1099646010155__whole_genome_shotgun_sequence
1 4338
Synechococcus_sp._WH_7805_NZ_AAOK01000011.1_Synechococcus_sp._WH_7805_1099646010128__whole_genome_shotgun_sequence
1 1542
